19
26
68
81
95
97
25
36
12
48
68
27
51
66
56
43
68
65
46
65
99
69
59
69
79
87
74
64
25
22
27
75
44
77
33
84
51
94
77
75
14
26
32
25
43
59
68
27
32
69
96
26
65
81
21
32
97
47
35
11
28
64
77
28
73
29
22
11
45
23
22
82
17
39
94
44
24
29
98
68
72
89
22
61
94
99
54
33
74
29
11
41
68
64
94
25
79
25
29
74
45
83
17
12
91
26
22
49
57
57
27
41
63
64
47
55
32
43
46
28
83
61
64
39
34
14
59
93
78
56
88
66
99
21
65
82
88
71
55
39
44
56
41
44
62
79
66
63
99
12
61
11
27
41
43
71
68
18
48
87
75
16
34
77
45
42
35
99
57
48
16
65
21
31
93
31
47
48
77
38
71
77
29
71
92
84
93
55
98
89
53
28
54
13
35
16
66
68
96
28
33
44
85
29
26
42
11
19
14
47
55
25
92
92
81
73
77
82
24
82
58
36
77
28
65
95
92
48
91
51
77
27
45
93
88
25
48
71
95
39
24
22
15
55
76
78
46
76
85
58
88
13
77
98
25
68
83
46
96
19
89
62
48
51
82
35
56
39
41
83
75
89
11
99
76
11
24
17
59
85
27
16
64
32
49
17
12
87
71
92
96
64
69
94
62
45
31
48
42
54
31
15
47
11
54
17
83
52
16
48
44
52
93
71
34
32
11
91
22
78
98
42
69
89
96
86
52
82
25
21
52
44
89
72
91
38
81
41
48
19
91
24
12
32
54
72
48
35
67
65
56
65
73
93
48
94
72
89
66
96
69
78
21
57
36
95
14
44
78
76
14
59
86
55
25
72
68
84
31
69
75
15
34
65
23
39
72
53
51
47
75
99
44
27
92
23
13
76
92
78
69
35
91
11
15
92
24
77
23
34
42
27
65
13
53
24
82
31
51
16
28
33
55
55
32
67
32
64
42
97
87
38
37
89
98
87
77
51
95
99
14
16
11
26
42
23
66
45
55
11
51
71
83
94
77
34
63
73
54
49
72
44
56
25
31
15
16
99
11
61
33
86
69
29
47
38
72
65
29
12
13
81
92
87
14
46
32
11
55
41
66
11
13
26
63
37
82
66
91
49
48
75
31
44
66
96
75
24
91
21
63
83
39
19
72
59
71
87
68
95
22
82
42
16
25
57
94
17
43
46
42
95
49
27
14
19
53
16
71
16
38
77
15
92
13
98
42
97
46
41
73
47
56
59
71
53
54
57
65
17
33
88
77
82
17
22
88
35
52
79
52
15
86
64
91
35
11
93
67
99
76
94
64
58
28
25
37
98
67
11
79
67
19
99
17
94
21
22
77
33
58
14
85
83
47
71
66
98
79
87
18
66
92
97
44
57
35
76
97
26
66
64
27
29
11
99
82
36
48
37
17
46
88
47
57
34
38
48
42
89
15
89
99
56
24
49
47
24
59
91
52
54
58
38
84
66
87
78
31
93
96
48
28
27
21
91
98
77
73
84
91
22
49
52
64
15
79
99
12
26
76
66
95
46
17
66
94
14
58
44
67
88
23
98
28
41
63
46
24
76
75
41
37
57
27
69
89
15
24
91
98
46
71
25
74
84
91
67
33
83
54
49
43
97
68
97
41
17
26
23
66
47
54
62
49
37
61
35
18
31
12
94
41
83
81
91
28
16
69
23
22
44
75
22
37
37
77
63
91
41
85
73
36
54
45
24
22
28
27
44
66
92
91
44
67
22
36
67
28
82
32
53
91
32
32
46
43
86
98
98
41
47
75
98
22
51
84
92
88
86
31
51
95
87
39
97
82
87
87
97
74
66
56
64
54
75
61
84
75
68
71
21
14
88
37
49
32
12
84
75
49
46
27
67
68
55
99
77
13
27
22
17
95
22
78
39
37
77
24
11
11
14
89
11
62
11
11
88
25
81
89
23
23
38
82
75
84
64
13
71
39
33
26
74
28
31
24
68
99
77
66
87
92
15
82
55
86
86
82
72
14
39
22
42
56
44
12
53
71
93
94
71
53
22
63
19
92
49
28
77
17
48
52
85
91
95
29
81
59
14
43
38
99
63
35
56
85
11
21
32
75
71
45
85
44
68
22
78
31
59
77
51
22
14
18
52
18
39
59
56
52
55
38
63
99
75
25
29
56
74
71
31
23
86
65
58
92
18
31
49
47
61
45
96
52
76
75
42
44
21
51
83
82
92
47
55
55
44
56
88
21
45
87
18
93
28
71
88
51
43